# col_idx (len=9787)
4
11
13
14
16
22
24
25
27
29
31
37
39
45
46
47
49
50
54
55
56
58
62
64
66
71
79
82
84
90
94
98
102
104
105
106
108
114
115
118
125
126
127
128
130
133
135
137
142
145
164
166
168
171
173
175
183
185
197
198
201
205
208
210
216
218
220
228
231
232
237
239
240
248
0
3
10
11
12
18
20
22
24
28
44
45
46
50
52
56
57
58
61
68
70
76
77
78
79
84
85
88
90
95
98
108
109
111
112
113
120
126
128
135
137
138
140
142
143
145
148
151
154
157
162
165
166
170
175
183
184
186
189
190
194
197
202
203
204
206
208
213
218
220
223
225
226
227
228
231
234
235
239
242
243
252
5
6
13
22
29
30
34
37
38
41
42
48
52
56
58
62
63
71
73
75
76
77
79
87
89
90
94
95
96
99
101
108
112
114
126
128
132
133
134
138
141
146
150
151
152
158
160
161
162
164
170
177
186
187
189
193
194
197
200
201
203
207
210
211
214
217
222
225
226
236
240
242
247
251
6
11
14
24
26
27
30
32
40
41
42
46
47
48
50
52
55
57
67
70
72
75
76
91
94
96
97
101
103
113
116
117
118
120
121
123
124
128
130
133
134
141
142
158
161
162
169
170
173
175
177
190
198
199
200
201
203
205
206
208
211
213
216
227
234
235
241
245
250
251
253
255
1
4
7
12
13
23
24
25
30
35
38
47
49
50
51
52
53
57
58
59
62
66
74
79
86
87
89
91
94
96
104
113
114
116
119
122
124
125
130
136
141
142
143
145
154
156
157
159
161
162
169
179
184
185
187
189
190
192
195
197
201
209
217
218
221
225
235
237
240
245
250
255
1
2
4
5
15
18
21
22
23
28
29
36
41
44
48
51
55
59
64
66
69
73
74
77
78
83
86
101
108
112
113
119
123
124
125
128
135
137
138
141
144
151
155
156
158
160
166
169
173
178
179
185
187
189
190
192
195
197
204
205
206
210
213
215
221
224
226
228
235
243
249
251
254
1
6
11
15
19
22
36
39
44
49
57
65
66
68
69
70
71
72
81
83
89
90
97
100
101
103
106
109
124
125
126
127
129
137
138
142
143
146
150
154
156
162
165
170
171
179
190
196
200
201
204
205
207
209
211
219
220
222
232
234
235
240
241
245
252
0
1
5
14
17
23
24
28
29
32
33
36
39
45
50
55
57
59
65
70
73
79
80
84
89
92
95
96
107
110
113
119
120
121
126
130
131
134
138
139
144
147
151
153
162
173
174
180
181
183
184
185
187
196
197
199
200
204
205
207
210
213
216
220
225
228
229
231
234
235
236
237
243
244
252
254
255
2
3
12
14
17
18
24
25
27
32
37
39
41
45
46
49
54
55
57
60
62
66
73
79
80
84
94
96
99
102
108
118
124
129
133
138
143
145
146
150
152
153
154
160
164
165
166
168
169
172
175
177
178
179
182
184
186
188
191
199
202
203
204
207
217
218
219
220
221
222
223
227
228
232
239
244
245
246
6
7
10
12
13
20
25
28
31
41
46
50
51
60
68
69
72
78
82
84
88
95
106
107
109
110
120
125
127
141
142
144
145
147
148
154
155
158
168
172
175
179
180
188
189
191
192
193
194
195
198
199
206
209
217
221
224
226
231
232
234
240
247
250
254
255
1
2
3
4
8
9
19
20
25
26
30
34
35
48
50
53
54
59
62
66
68
70
74
75
82
85
86
88
90
91
97
101
107
113
118
120
121
125
129
132
134
139
140
141
148
157
162
163
165
168
170
172
174
179
189
190
194
195
196
198
199
202
203
207
208
210
211
212
214
215
220
224
226
231
234
235
236
240
242
245
250
255
1
4
7
8
14
18
22
28
29
31
35
37
44
48
49
50
51
53
65
68
72
73
74
81
83
84
85
86
87
89
96
98
102
109
110
118
124
127
128
133
137
139
142
143
149
154
159
161
163
164
165
167
171
173
182
185
189
190
193
196
197
198
201
206
212
215
221
233
236
239
244
250
251
254
0
2
4
11
12
19
22
27
28
34
37
39
46
61
64
67
69
70
71
78
84
86
87
95
96
100
103
107
110
111
112
113
115
119
120
123
126
127
132
134
142
144
149
152
158
163
169
171
172
173
174
178
180
182
185
186
197
198
201
202
204
209
210
214
216
217
218
224
225
233
235
237
240
241
243
244
245
248
253
255
2
9
10
11
17
20
24
26
28
29
39
43
48
51
58
59
63
66
68
69
71
72
73
75
80
82
86
92
98
103
108
110
125
127
129
132
134
137
140
142
143
145
149
154
157
158
161
163
165
169
170
179
184
185
189
196
200
205
208
210
214
215
219
223
232
236
247
249
254
1
3
7
13
17
18
19
20
21
23
24
28
33
37
38
41
54
56
57
60
63
67
69
70
75
98
100
109
111
112
113
134
139
140
141
143
144
145
148
149
151
155
159
163
165
166
182
187
188
189
192
193
194
200
203
206
217
218
222
226
229
234
238
240
242
250
1
3
14
18
20
34
39
44
45
48
49
51
55
59
63
66
69
70
71
76
77
80
81
82
85
86
88
89
90
92
98
99
101
110
118
122
129
130
131
132
133
136
156
169
172
173
175
179
181
192
196
198
202
205
208
210
212
213
217
221
223
226
228
233
245
251
252
254
5
7
8
13
14
15
18
21
23
28
32
33
37
39
40
43
44
46
48
50
54
58
62
63
64
68
70
72
86
90
91
94
95
103
107
111
114
115
119
121
122
123
125
128
129
133
135
141
142
145
149
159
165
168
170
176
178
181
187
189
191
200
201
202
204
206
209
213
215
217
219
222
226
227
229
232
234
240
241
245
246
247
252
253
10
13
15
17
20
31
33
36
41
43
44
54
55
59
62
68
74
83
86
88
89
90
93
94
95
101
103
108
109
110
112
114
116
117
121
124
126
129
132
137
139
141
147
153
154
155
156
159
162
164
168
169
176
177
178
179
182
184
190
193
201
205
207
211
216
218
224
227
231
235
238
244
0
1
5
6
17
19
20
22
24
26
28
29
31
32
37
38
39
41
42
47
48
49
50
54
56
63
70
76
77
80
86
93
96
101
102
104
109
122
124
126
128
134
138
147
148
153
156
157
158
159
163
164
167
169
170
174
178
187
191
197
198
203
206
208
210
213
214
215
216
218
219
220
221
232
238
239
241
242
243
244
247
248
249
252
254
0
1
2
3
4
8
10
23
24
28
29
36
38
42
43
51
54
57
58
63
65
68
69
76
80
81
88
92
93
98
101
104
114
120
123
125
135
140
144
145
149
152
161
170
171
177
185
187
194
195
202
204
207
213
222
223
224
225
228
231
234
235
239
240
244
251
253
254
5
8
18
19
22
24
25
26
27
29
30
37
40
41
43
46
48
50
52
53
54
56
58
61
64
67
70
74
76
77
80
82
86
87
88
91
92
94
100
103
105
107
109
115
117
119
120
125
129
132
136
142
143
148
149
155
158
161
162
168
178
180
182
196
197
198
199
202
211
212
213
214
216
220
222
232
233
234
239
241
243
244
249
4
5
7
13
25
27
28
29
37
38
43
45
46
47
48
49
50
55
65
70
74
75
78
81
85
92
94
95
99
113
114
115
116
122
123
125
127
129
138
139
140
142
144
146
150
151
152
159
168
173
177
183
185
187
188
191
192
200
206
210
211
213
214
215
219
230
234
236
238
240
248
249
250
251
252
0
3
7
8
10
20
21
24
25
27
29
31
37
43
49
51
62
64
69
71
72
74
75
76
78
80
81
82
83
87
89
91
95
100
101
102
106
109
111
113
116
118
120
123
126
127
129
133
135
144
149
151
154
155
159
161
167
169
179
180
183
185
200
201
208
209
214
216
226
227
229
232
233
236
237
238
244
246
254
13
16
21
24
26
27
31
33
36
37
38
39
40
43
45
47
48
52
53
63
70
76
77
78
79
81
84
87
90
92
95
96
105
106
117
118
120
123
125
128
139
150
151
156
158
159
160
162
163
164
165
167
170
172
173
177
178
183
184
187
193
196
197
198
199
200
203
204
205
211
213
216
220
223
244
245
250
251
253
255
2
3
8
12
15
17
24
25
28
37
39
41
44
49
50
53
58
62
74
78
82
83
84
85
86
88
89
90
93
95
97
98
100
105
108
114
115
121
122
124
132
133
134
135
136
137
140
141
142
144
146
148
150
154
155
158
165
166
167
170
171
177
178
179
183
187
190
191
195
196
199
200
202
203
209
214
218
223
224
230
233
234
235
238
240
241
245
246
0
1
4
11
14
17
19
21
26
28
29
35
36
38
39
41
43
48
49
51
54
58
64
66
72
77
78
86
89
90
99
102
103
107
110
111
114
119
125
126
129
130
146
155
160
168
170
171
176
177
186
196
197
199
201
204
208
209
211
214
216
217
220
221
223
224
225
228
230
232
233
235
236
240
241
242
246
248
251
253
0
1
8
10
16
18
19
20
21
25
26
27
34
35
36
55
62
67
68
70
73
76
78
81
84
89
93
95
104
118
127
129
133
139
144
145
148
151
152
157
161
163
167
170
171
175
178
187
191
192
196
197
202
207
208
214
215
219
220
222
224
225
228
229
235
236
242
243
247
249
255
1
3
4
6
12
14
19
34
37
39
45
56
60
61
70
71
72
81
86
92
101
105
107
108
109
113
114
115
119
121
122
123
127
128
133
134
137
145
147
151
152
153
158
159
167
169
171
177
179
180
192
193
195
200
204
209
211
213
214
217
219
221
224
225
226
231
234
239
240
242
243
246
249
253
254
0
1
4
6
10
14
16
17
18
19
20
22
29
32
34
35
36
40
44
45
46
51
52
54
59
60
63
64
65
68
70
72
76
77
79
81
92
96
100
101
107
116
122
125
126
129
130
132
133
137
140
144
147
148
150
152
155
159
167
172
176
178
181
183
185
189
190
194
196
197
198
200
201
203
204
206
209
217
218
220
222
223
225
230
242
244
247
248
253
254
255
8
9
12
14
15
16
31
36
37
40
42
46
51
61
64
65
66
68
69
73
76
82
87
90
94
96
101
102
105
109
111
115
116
121
126
131
135
136
137
143
146
158
159
165
166
167
170
171
184
187
193
194
195
197
200
202
203
204
210
212
213
217
226
228
229
240
241
244
245
246
251
252
253
8
9
10
14
15
19
21
24
25
26
31
35
41
42
46
47
49
54
59
61
63
70
73
76
83
86
89
90
93
94
98
102
107
112
113
114
117
124
128
129
131
133
134
136
138
139
141
144
146
149
151
167
168
173
178
181
185
189
198
199
200
208
216
222
223
224
225
226
229
232
234
235
236
241
242
247
250
3
9
10
12
14
16
20
23
25
31
32
33
35
40
43
44
46
51
52
55
60
61
65
66
69
70
72
74
77
79
80
81
83
84
89
91
98
100
105
109
110
111
116
121
122
123
131
132
136
137
140
141
142
144
147
152
157
158
164
168
177
183
185
191
192
194
199
204
205
208
210
211
212
214
215
216
217
218
222
230
235
236
238
243
244
245
248
254
255
0
2
6
7
15
19
23
30
39
40
42
46
49
51
56
62
63
72
73
83
86
87
88
89
93
97
105
106
107
108
111
116
117
120
122
124
126
128
130
139
140
145
146
147
150
154
157
158
165
166
172
176
178
183
185
191
193
195
205
206
208
217
225
226
227
228
229
230
232
234
237
239
241
245
248
255
0
2
9
21
22
24
32
33
34
40
45
46
48
51
52
53
55
56
58
60
73
74
75
76
77
79
81
84
85
96
97
99
100
106
108
110
121
128
131
132
136
139
145
146
149
155
157
163
164
167
170
174
176
183
184
191
193
195
204
207
210
211
216
217
219
220
221
222
225
228
235
236
237
240
241
243
244
1
6
7
9
11
15
16
20
21
22
28
39
45
57
59
63
64
67
76
78
86
90
95
101
110
115
116
120
123
132
133
134
140
142
145
147
151
159
160
164
169
170
173
179
184
185
186
188
190
197
199
200
205
206
207
209
211
212
215
217
220
221
227
232
234
238
244
245
246
247
249
255
1
3
5
7
9
17
19
22
23
24
26
33
37
40
42
44
45
48
49
50
52
57
59
60
62
63
69
70
71
73
74
78
80
81
85
90
91
93
97
105
114
116
123
135
148
151
153
156
159
167
177
178
182
183
186
187
193
196
197
201
203
208
212
215
220
221
229
230
234
235
237
238
239
241
242
244
248
249
251
3
17
19
22
34
36
41
42
47
49
50
51
53
54
55
58
59
63
69
71
84
91
96
97
100
103
105
106
108
114
115
116
117
124
128
129
130
132
133
138
143
144
145
147
148
150
153
156
166
168
182
188
192
194
197
203
206
212
214
216
218
222
224
232
234
238
239
244
252
255
6
7
8
9
12
18
20
22
31
33
34
35
38
40
42
47
51
53
55
71
73
75
78
80
85
89
91
94
100
102
103
105
111
113
115
116
119
121
126
132
134
135
138
139
145
148
149
150
167
177
178
184
189
195
198
202
206
209
213
219
220
222
223
228
233
236
241
246
249
252
253
4
10
11
15
23
32
35
36
37
39
41
46
51
56
59
61
63
64
71
78
90
91
92
93
94
97
101
108
111
112
116
117
119
125
127
128
129
133
135
139
140
142
143
150
154
155
169
175
178
183
187
189
193
196
198
199
204
211
213
223
232
233
235
236
237
242
245
246
249
2
6
8
10
14
18
22
27
33
34
38
40
41
42
45
52
53
54
59
60
63
71
77
78
79
82
83
91
94
96
99
100
103
106
107
108
112
119
120
123
124
125
128
132
136
144
155
160
162
163
173
175
176
182
183
186
187
190
193
197
201
202
204
205
207
210
212
213
216
223
226
232
234
249
250
253
254
255
1
9
17
23
25
26
30
32
36
40
49
50
51
53
58
63
68
69
70
72
73
74
75
78
85
86
89
91
95
98
110
115
123
124
129
136
148
152
153
154
155
156
157
162
163
172
173
176
178
179
182
183
187
192
195
198
199
201
207
208
210
211
212
215
218
226
240
241
248
251
255
3
5
7
8
9
11
12
13
16
18
21
25
29
32
33
34
36
42
46
50
56
57
60
64
65
71
74
76
78
79
82
83
85
89
96
97
102
105
108
109
119
127
131
133
135
136
137
143
144
145
148
150
153
155
156
157
158
160
161
162
173
174
176
180
183
184
185
197
198
206
213
215
218
219
221
224
236
237
238
239
242
244
246
249
0
2
3
8
10
11
17
19
20
26
30
36
38
39
53
64
67
70
71
75
80
83
87
88
90
96
98
103
109
113
121
124
126
128
129
139
141
142
146
148
150
157
166
167
169
173
180
182
186
191
193
194
195
206
207
211
219
220
223
226
236
238
243
245
247
248
249
250
254
1
10
12
25
27
29
35
40
41
43
48
49
58
60
61
69
70
71
72
76
78
79
83
84
85
92
95
100
101
103
107
108
114
117
119
122
124
129
136
140
142
144
146
156
159
165
171
175
178
179
185
187
193
197
200
201
205
206
208
209
215
217
222
223
225
226
227
228
232
234
235
241
251
252
2
3
4
10
12
16
19
21
24
35
36
41
42
53
58
60
61
68
69
70
71
75
81
84
86
90
91
97
101
104
105
110
116
117
121
124
125
127
129
130
131
135
142
147
149
152
155
158
160
163
166
167
169
172
178
182
188
199
202
208
210
222
227
230
231
232
237
238
239
244
245
247
248
249
252
254
3
7
12
13
16
20
21
24
27
28
32
35
40
51
54
56
57
65
67
73
74
78
79
80
82
87
88
93
96
99
105
106
109
110
115
118
121
123
127
128
133
134
142
143
147
148
149
151
152
163
167
168
170
176
179
184
187
189
192
193
197
198
199
200
201
204
209
215
217
220
221
229
231
232
235
239
241
243
244
245
249
253
0
2
3
5
10
11
13
17
20
21
25
26
30
35
37
49
52
57
59
60
63
65
67
70
75
76
77
84
92
94
96
102
103
105
109
113
117
118
122
126
131
133
136
142
145
148
151
153
157
164
167
170
172
178
182
194
197
200
203
207
211
214
215
216
224
226
231
234
236
242
243
246
249
252
253
254
10
17
18
21
28
46
51
58
60
61
62
67
71
74
77
82
83
84
86
90
91
94
102
105
107
108
115
116
119
122
128
136
137
140
141
147
165
166
167
170
178
183
184
185
186
190
194
195
199
202
204
205
207
211
215
226
227
228
233
239
241
242
243
244
246
253
0
2
8
14
20
25
28
33
34
36
37
41
42
49
50
57
59
64
66
67
70
74
79
92
96
98
100
106
107
111
113
115
120
121
126
127
129
130
132
139
141
142
146
147
155
157
166
169
176
179
181
182
183
185
192
193
196
197
198
201
205
206
209
213
214
215
217
220
235
239
240
241
245
255
0
3
4
5
8
9
14
15
18
27
29
30
31
32
43
45
52
55
56
59
72
82
87
92
96
99
102
103
111
114
115
118
119
123
128
132
139
141
149
154
158
160
161
162
164
171
175
180
183
187
191
194
196
197
202
207
210
213
221
222
224
241
243
251
3
4
6
8
13
14
16
22
23
24
27
30
33
47
48
54
56
57
64
65
69
72
73
77
84
89
91
97
98
100
103
106
110
112
115
118
119
124
130
133
135
136
139
140
141
165
184
185
189
190
191
193
195
204
208
209
211
212
221
223
227
228
238
244
247
249
4
8
12
13
14
15
17
18
19
28
33
35
36
38
42
44
47
48
55
56
59
60
61
66
67
69
70
74
75
80
90
95
96
97
101
103
105
107
108
109
113
117
120
123
131
142
146
149
150
157
159
162
163
164
165
168
170
172
174
176
178
181
182
184
186
193
194
195
200
205
209
213
214
215
217
219
221
224
225
226
230
233
234
239
240
241
246
252
4
7
17
29
31
32
33
34
35
36
38
40
46
47
48
51
52
53
58
60
63
66
67
70
71
74
75
76
77
79
81
84
89
92
93
94
95
102
105
107
109
115
122
127
128
132
137
138
140
142
144
148
150
152
153
166
173
180
186
187
189
190
193
196
202
210
213
217
219
231
232
234
235
240
241
243
246
249
250
0
1
6
13
14
16
22
28
29
32
35
36
40
45
50
54
56
62
64
66
67
68
69
71
73
74
75
78
79
80
83
89
95
96
99
108
109
111
123
130
133
138
142
145
149
150
152
159
160
161
162
163
173
179
180
181
183
185
189
194
199
204
206
208
212
216
218
219
226
232
237
239
241
246
248
250
254
255
0
2
8
12
14
16
17
21
23
27
31
35
39
41
45
50
52
55
56
59
64
69
72
75
82
83
85
88
89
91
94
98
99
101
102
104
107
108
112
113
119
120
122
123
125
126
128
129
134
136
140
145
148
153
156
157
161
162
165
170
177
181
183
186
187
190
191
193
197
198
199
200
205
210
219
226
228
230
237
246
249
252
8
9
10
12
14
16
17
23
25
27
28
32
33
36
40
42
45
50
52
58
63
65
70
74
76
77
84
87
90
94
105
106
109
116
117
118
120
121
122
125
133
134
137
139
140
141
144
146
149
150
151
156
157
163
164
169
171
174
180
184
187
188
192
193
197
200
201
205
210
212
219
221
224
225
229
231
238
244
247
250
252
253
255
4
8
11
12
17
18
19
23
26
28
36
37
42
44
49
51
52
57
58
59
63
64
68
70
75
77
78
80
86
88
90
94
96
104
110
111
115
120
121
127
131
135
138
144
148
153
158
160
161
162
163
167
172
173
178
179
183
184
193
196
203
208
210
212
213
214
219
221
225
230
234
242
251
254
255
2
3
5
17
20
24
32
35
47
54
56
58
60
66
70
76
77
78
80
87
89
91
96
98
99
103
105
107
110
111
116
117
118
119
121
123
124
125
130
134
137
139
142
144
153
158
159
168
175
182
186
190
194
196
197
203
204
206
209
212
217
219
225
226
231
238
240
241
247
252
253
255
0
1
7
9
12
16
19
22
25
26
27
54
56
60
63
64
65
68
70
73
75
83
84
93
94
95
98
102
109
112
116
117
121
122
124
130
132
133
134
135
139
141
146
147
148
150
153
156
157
158
160
162
163
164
166
169
176
182
186
190
192
194
201
204
214
222
225
226
230
231
233
241
246
3
9
11
12
13
15
16
29
36
42
43
50
51
52
54
65
73
74
84
88
89
93
98
104
105
107
116
121
125
126
138
142
145
147
151
154
156
162
164
166
172
173
175
180
183
188
189
197
200
203
207
212
214
215
219
226
227
232
233
238
240
253
0
2
3
7
22
34
40
47
49
51
56
57
59
62
66
69
73
74
82
83
84
88
95
103
106
107
109
110
115
118
119
121
122
123
124
125
126
127
132
133
141
142
148
150
153
154
158
160
177
178
179
181
182
183
185
186
189
193
198
203
204
205
206
207
210
213
217
218
221
222
226
228
229
230
232
244
246
249
250
252
254
255
6
8
13
17
19
31
33
36
41
43
44
45
47
49
52
55
56
57
63
65
66
69
74
78
79
88
89
91
93
98
100
104
110
111
113
116
117
118
120
127
133
140
142
143
144
145
150
154
155
156
159
160
166
173
179
180
192
193
196
202
203
206
208
209
213
214
215
219
221
223
224
241
242
243
244
250
251
254
4
8
9
10
11
20
22
23
24
28
29
31
34
39
44
46
47
50
52
60
61
63
64
67
73
79
80
84
93
96
99
102
106
107
114
118
119
128
129
130
137
139
145
147
150
152
154
156
160
163
164
174
175
180
186
189
191
195
197
199
200
205
213
215
220
222
223
225
226
234
238
245
247
250
251
8
9
11
13
14
20
21
26
27
38
44
46
47
49
51
52
53
55
56
64
70
71
75
84
86
96
102
104
106
112
115
119
120
124
129
140
146
153
155
159
162
164
166
172
182
183
185
194
196
199
200
209
211
220
222
223
224
232
235
239
241
243
245
246
247
251
252
254
7
12
21
23
31
36
37
40
43
44
45
55
56
68
71
72
74
77
79
80
83
89
90
92
95
98
99
101
104
105
107
112
117
126
132
137
138
140
144
149
152
167
169
172
182
183
184
190
193
195
196
197
198
201
204
213
218
220
222
226
227
229
233
234
235
236
237
240
242
244
246
248
249
251
252
0
9
10
11
12
24
30
31
32
34
39
49
57
58
62
68
71
72
74
84
88
89
93
95
97
98
99
106
108
109
110
111
114
115
120
124
129
136
138
139
140
144
145
148
150
151
153
154
155
156
159
162
165
171
172
176
177
180
185
193
196
198
205
208
213
214
218
222
230
233
238
240
249
254
3
4
5
7
9
10
16
17
20
26
30
33
37
48
52
54
57
62
66
69
70
72
75
82
96
107
113
117
120
124
128
130
131
133
134
137
138
141
142
144
154
156
159
161
162
163
164
172
173
181
184
188
191
194
195
196
200
201
204
206
208
210
211
215
223
226
227
228
229
230
233
241
245
247
251
254
8
12
14
18
20
25
27
30
31
34
35
46
47
49
50
55
60
65
70
77
81
82
83
84
86
89
92
97
102
103
109
115
128
130
131
133
138
139
145
146
147
149
150
157
159
160
161
163
166
167
168
170
171
175
178
180
187
188
190
192
197
200
204
210
218
222
223
224
225
226
228
229
234
238
239
241
242
245
248
250
252
253
255
6
8
9
16
17
18
22
25
30
31
34
36
37
41
42
57
59
60
63
64
66
68
72
76
78
80
83
86
88
89
91
92
95
97
102
106
110
112
115
119
122
125
126
127
131
134
135
136
142
147
148
153
162
165
167
170
172
174
177
179
185
193
194
200
202
204
207
209
211
215
219
227
230
232
236
237
242
250
253
1
4
6
8
10
11
16
25
30
32
34
36
41
46
47
60
65
67
70
79
80
81
83
85
89
91
92
98
103
104
107
111
113
117
118
120
121
123
126
132
136
138
140
144
145
147
149
151
157
165
167
168
170
172
174
185
194
198
199
205
207
210
211
212
214
221
223
226
228
235
236
237
240
245
254
255
0
6
8
9
12
19
20
23
28
29
32
33
34
46
47
49
51
52
54
58
60
61
67
68
69
73
79
80
81
84
86
91
92
99
110
116
124
130
134
137
140
141
143
145
148
149
153
154
159
162
166
177
178
179
184
186
187
188
189
193
194
195
197
199
200
201
205
206
207
209
210
212
217
221
225
230
231
236
238
242
245
254
0
3
4
19
20
32
35
36
40
42
45
50
57
66
68
73
84
85
90
93
97
101
105
108
109
110
112
113
120
124
130
133
135
142
145
146
165
166
174
178
185
191
200
202
210
211
217
218
219
220
225
226
227
230
240
242
245
246
254
0
13
14
16
21
25
26
31
35
37
40
42
43
49
50
53
55
56
61
67
74
76
79
80
81
85
86
87
88
91
92
94
96
98
100
108
110
113
122
125
128
130
132
134
136
140
142
148
149
152
153
158
159
165
178
179
182
185
186
188
192
193
202
204
206
207
208
212
218
221
222
228
229
232
234
239
245
247
251
252
253
0
5
6
7
17
21
22
23
29
30
31
32
38
43
46
47
58
62
65
66
70
81
84
87
89
93
97
98
99
100
102
108
111
114
130
141
148
156
172
173
177
183
184
186
191
192
195
198
208
209
210
214
215
222
226
227
228
233
234
238
240
241
247
248
254
1
2
5
7
8
11
16
18
26
29
31
34
36
37
38
42
46
50
57
62
69
73
74
78
83
88
89
90
93
94
99
101
106
108
112
113
115
117
118
121
127
128
130
136
140
142
143
145
149
150
155
159
170
173
174
175
177
184
185
191
193
194
196
198
199
201
207
208
214
220
225
235
238
239
240
246
253
4
9
11
12
21
22
41
43
45
50
51
53
54
55
57
59
61
64
65
66
69
72
73
78
79
82
84
85
87
90
96
105
107
108
109
110
112
113
117
118
120
121
123
125
128
134
138
141
144
154
156
164
165
166
167
170
175
180
181
184
186
187
188
190
192
193
194
196
197
208
209
213
218
219
220
230
231
237
239
240
242
245
247
248
250
254
8
10
15
16
18
19
21
22
38
43
46
47
49
54
55
57
70
72
79
80
81
86
94
99
100
102
103
108
109
117
118
119
120
123
124
125
129
131
136
137
138
140
144
146
150
151
152
154
157
162
164
166
167
176
177
179
182
184
187
188
193
203
210
221
227
232
234
241
242
251
255
1
2
11
14
20
24
25
28
37
39
45
46
47
56
64
68
69
70
73
74
80
81
85
87
88
89
99
102
105
108
109
114
115
119
122
124
134
135
139
143
145
147
152
154
156
160
166
174
175
178
186
195
209
217
220
225
226
228
230
235
236
237
242
252
3
9
10
11
12
13
15
20
21
22
30
33
34
45
50
57
59
62
68
70
75
82
88
91
93
94
95
97
100
101
105
106
109
113
115
120
123
124
125
127
131
135
138
142
148
153
154
156
160
161
164
167
172
173
176
177
186
195
207
211
215
220
221
222
223
224
229
232
237
238
240
245
249
250
251
253
254
6
8
10
16
18
19
21
25
28
34
40
41
42
46
52
54
55
58
63
67
68
73
74
75
77
78
84
86
88
91
93
94
99
101
102
105
110
114
122
124
133
136
144
145
152
154
155
159
170
175
176
178
180
181
189
194
197
201
204
207
209
210
215
219
222
228
230
236
237
244
245
246
247
255
1
2
3
4
5
6
10
13
19
24
25
26
27
28
30
33
40
41
44
45
47
51
54
63
65
66
72
74
78
80
86
88
89
94
97
104
106
107
108
113
118
119
122
125
126
129
134
135
139
147
150
151
155
157
158
159
160
162
164
165
168
172
177
178
184
187
188
189
191
196
200
203
207
208
209
210
216
218
227
228
229
236
237
239
243
246
247
248
0
3
5
6
7
10
12
13
16
20
23
24
29
33
35
39
41
42
44
48
49
50
57
59
62
63
64
68
72
74
77
80
88
89
91
94
98
105
111
114
120
121
132
133
138
145
152
153
155
159
160
162
163
165
170
173
178
184
186
187
188
191
195
196
197
199
201
202
208
209
211
212
213
214
216
223
225
227
239
240
241
245
246
0
1
3
4
10
12
16
19
22
25
26
27
29
30
36
37
38
41
48
57
62
67
69
70
73
74
75
78
81
88
90
93
95
97
98
99
102
104
108
111
112
118
124
131
137
142
143
144
149
150
157
160
166
171
173
174
176
177
182
183
184
187
188
189
190
194
198
199
204
210
213
214
225
232
234
235
249
252
255
0
11
16
23
24
25
27
28
30
32
34
41
43
44
46
47
52
55
58
59
64
65
66
69
74
75
78
83
86
90
91
95
102
103
104
106
107
111
119
121
124
127
132
134
136
137
138
140
141
145
147
157
158
163
164
167
168
171
175
181
186
188
189
192
202
204
209
211
212
214
215
217
219
233
234
235
239
243
244
246
252
253
254
255
11
14
18
20
23
24
26
29
36
37
38
40
42
43
51
55
56
57
58
61
64
67
71
73
76
79
85
87
91
92
93
98
100
102
103
109
112
118
125
128
129
132
136
138
139
148
150
152
153
155
165
169
180
183
184
185
188
190
192
201
205
213
217
218
219
220
221
223
224
226
227
228
230
232
237
241
243
245
10
19
26
33
35
36
46
55
58
59
60
61
63
65
67
69
72
74
79
81
83
86
89
91
93
94
98
106
107
114
117
120
124
125
126
132
133
145
151
152
163
164
165
168
170
172
180
182
184
193
195
199
203
204
205
208
215
219
221
222
224
228
233
236
238
240
241
247
251
254
0
5
6
8
9
11
12
13
15
26
32
34
36
37
38
43
60
63
64
65
71
74
77
79
81
82
83
87
88
94
101
103
105
109
111
112
118
130
131
132
134
139
140
142
143
144
145
148
152
155
156
157
158
159
162
171
172
174
179
183
184
185
186
187
195
199
203
204
206
212
214
218
219
222
224
225
231
237
239
241
243
244
246
252
3
6
7
10
12
13
14
15
18
21
22
23
26
27
28
30
34
36
40
45
48
52
53
54
55
56
59
60
62
63
66
68
72
77
90
91
93
95
104
106
114
120
125
126
134
138
142
144
149
151
153
165
167
173
174
176
177
178
182
183
185
190
191
192
196
197
199
200
205
210
212
215
219
226
228
229
230
235
236
239
246
251
252
6
7
8
11
16
17
19
28
33
35
53
56
59
64
67
70
73
81
90
92
95
103
104
108
109
115
116
131
136
138
141
146
148
150
153
161
162
163
165
169
171
176
177
178
179
191
198
201
207
211
212
216
218
222
226
227
231
232
234
243
246
248
249
251
253
255
3
4
5
6
7
8
9
10
11
16
17
19
23
24
34
35
37
47
48
50
53
58
59
71
72
83
88
92
96
98
99
111
112
120
122
125
131
136
137
142
143
148
156
159
160
167
172
175
180
187
188
199
203
206
212
214
215
222
223
225
231
232
234
237
239
240
241
246
247
248
250
4
5
8
13
14
16
19
25
27
28
33
41
44
46
48
54
59
60
61
62
66
73
76
78
81
85
88
91
94
96
97
107
111
115
119
121
122
123
125
129
130
133
134
141
144
150
154
161
163
165
167
174
181
182
186
190
191
199
203
205
209
211
213
215
219
223
233
235
243
246
247
250
253
0
2
3
4
6
8
9
11
14
15
18
22
25
27
34
35
36
40
42
45
50
52
54
57
61
62
63
65
73
83
89
90
100
101
109
110
111
119
122
125
128
130
132
136
141
143
146
150
151
159
167
173
174
179
180
181
183
184
185
191
193
194
195
196
198
205
206
207
210
219
221
226
229
235
238
239
243
246
248
1
4
12
15
17
31
39
43
50
53
56
62
67
72
73
86
91
93
94
98
99
100
103
105
106
109
122
130
133
145
146
147
152
154
155
159
161
166
167
169
174
176
181
187
188
189
191
193
194
196
201
205
206
209
210
217
218
221
223
233
235
236
237
238
240
242
245
252
6
7
8
12
16
18
22
23
24
30
33
35
41
43
46
60
61
67
70
71
72
74
75
76
82
86
88
89
102
109
111
114
117
124
128
129
130
139
141
145
160
171
174
176
177
178
181
182
191
192
195
197
202
204
211
212
215
219
224
226
227
228
229
230
231
242
247
248
249
251
1
14
15
17
18
20
21
26
27
31
32
35
36
38
48
52
53
55
56
57
60
67
70
73
74
75
88
90
93
94
99
101
102
103
111
113
114
115
120
127
129
130
135
136
137
139
144
164
166
168
170
174
175
179
181
182
185
186
188
191
193
195
196
197
199
203
210
213
215
225
228
233
235
236
240
245
248
251
252
255
0
1
8
10
14
15
18
22
23
25
28
34
50
51
56
57
59
62
77
80
83
86
89
91
95
98
99
103
107
108
110
116
125
130
135
136
142
146
150
152
153
155
158
164
169
174
176
177
179
182
184
186
188
189
190
191
194
196
199
200
203
205
213
214
223
231
232
233
234
237
238
244
245
247
0
1
12
18
21
29
34
38
44
47
50
55
58
59
67
68
73
83
86
94
95
98
99
102
103
106
108
113
114
116
117
119
123
125
126
132
133
135
136
137
143
145
146
149
150
152
153
154
157
162
174
175
178
179
180
184
192
197
200
206
208
212
214
221
226
229
239
241
242
244
249
252
253
1
2
4
6
10
11
13
20
27
30
32
37
42
43
45
49
52
53
56
62
64
65
72
76
77
78
91
95
98
101
102
103
104
106
107
113
118
122
124
125
131
135
136
140
149
159
161
162
166
170
173
176
177
179
180
181
185
186
191
192
196
197
198
205
208
211
219
224
226
228
229
236
241
242
243
249
250
252
255
0
3
6
11
13
15
21
26
27
30
33
35
40
45
47
48
50
53
54
59
63
65
66
69
70
72
73
76
83
85
94
95
98
99
106
110
116
118
125
131
136
141
143
147
154
163
164
167
169
170
171
174
175
176
179
180
181
182
183
186
188
189
191
192
195
197
203
214
217
219
221
233
240
241
242
244
245
248
253
1
3
5
10
11
12
18
19
21
26
28
30
33
34
36
47
48
49
53
54
56
57
58
59
64
65
66
69
71
80
85
86
90
98
99
101
104
107
110
113
115
117
118
119
124
125
127
128
129
138
141
143
146
151
152
155
156
158
159
160
167
168
169
171
175
181
185
187
189
190
191
192
196
199
204
206
213
215
223
228
229
232
234
238
242
245
2
6
8
10
14
16
24
29
34
35
36
39
47
48
49
60
64
66
68
72
81
83
84
87
88
89
91
93
96
101
102
108
114
115
116
117
118
131
137
142
147
151
154
155
159
161
167
168
170
173
174
178
179
182
183
184
186
188
196
199
200
204
213
218
220
222
225
226
229
230
234
235
239
246
249
252
255
0
6
7
8
10
12
14
15
26
27
31
33
36
37
38
43
44
45
48
59
63
67
76
77
79
80
82
83
85
88
91
96
98
100
102
108
109
118
129
130
131
132
133
138
141
143
146
153
154
155
156
165
172
173
174
179
183
186
193
194
195
202
209
216
217
220
223
224
225
227
229
230
231
233
234
236
240
241
247
249
252
254
1
2
5
10
20
21
24
39
42
48
52
53
54
58
59
62
65
68
75
77
86
91
94
103
107
115
119
120
122
123
124
129
130
131
134
137
141
144
145
149
150
151
152
154
159
160
161
170
177
182
185
187
196
198
202
204
206
211
212
220
225
229
235
239
241
245
249
251
252
0
3
4
7
13
15
18
21
24
25
28
29
37
41
42
45
53
57
62
63
73
81
85
86
95
96
97
102
105
107
108
110
113
119
120
124
125
127
136
137
139
146
156
158
160
163
164
166
170
174
188
194
196
197
200
201
204
207
212
215
218
219
220
222
227
228
230
231
233
234
238
239
240
242
243
247
249
250
251
255
8
12
18
19
20
29
35
37
41
46
49
54
58
65
77
81
86
87
102
111
114
117
119
124
138
140
146
148
152
153
154
156
157
160
165
170
171
184
188
191
194
199
201
202
203
209
214
216
217
220
223
227
228
233
235
236
242
246
247
248
251
254
255
6
16
17
20
32
37
47
48
50
54
64
66
68
74
75
79
85
88
91
98
101
102
104
105
106
114
116
117
122
126
127
129
130
131
134
137
138
141
142
144
147
150
151
153
156
157
160
169
170
172
177
180
185
192
193
197
206
209
212
214
216
217
218
222
224
227
230
232
233
240
241
246
249
251
252
2
3
6
12
13
15
16
18
20
29
30
33
34
35
39
42
43
45
47
53
55
62
64
72
73
80
82
83
89
92
93
94
97
102
105
106
107
108
111
112
114
119
120
121
125
126
129
131
132
133
136
139
143
144
147
150
152
157
162
167
168
171
172
174
175
177
179
182
188
193
194
196
199
201
205
206
209
211
212
215
221
222
224
225
226
231
233
234
236
242
245
250
3
7
9
15
21
22
24
25
28
29
31
37
38
41
42
47
48
50
53
57
58
61
70
72
74
78
80
82
85
86
88
93
96
99
100
104
106
109
110
111
117
124
125
131
132
133
136
140
144
147
152
156
161
167
168
169
172
177
180
183
185
193
196
197
198
199
202
204
207
209
211
212
213
214
215
217
224
226
227
235
237
243
247
250
254
6
8
9
10
13
14
19
21
23
24
35
39
40
43
48
50
52
53
54
57
59
61
66
67
68
73
77
78
85
88
92
93
102
104
106
113
119
121
127
131
132
138
145
146
148
157
159
160
163
165
168
176
181
183
190
197
205
224
226
228
232
233
239
241
249
252
253
254
2
4
5
9
19
26
32
44
45
48
49
53
58
59
63
66
67
75
78
83
85
86
87
88
90
93
94
95
97
102
104
106
110
111
113
123
124
126
131
132
133
144
146
148
149
151
166
167
169
171
173
175
177
180
182
183
184
186
189
190
196
203
206
207
208
213
214
220
223
227
232
233
236
238
242
245
248
253
15
20
23
26
27
30
31
33
38
44
45
55
60
65
69
71
72
73
76
77
79
84
85
87
89
94
100
105
106
107
108
110
113
118
120
124
125
128
130
133
134
139
140
141
144
145
157
162
166
167
173
175
176
179
180
182
195
196
198
200
201
202
208
209
213
216
217
225
230
233
234
236
238
252
255
1
16
17
19
22
26
27
30
31
32
35
37
41
42
43
44
48
50
52
53
58
66
69
70
71
73
77
80
85
91
94
97
98
100
101
102
103
108
115
117
123
124
125
130
131
132
134
137
145
148
149
154
155
158
166
172
174
176
185
190
195
196
197
198
203
206
210
211
215
217
218
220
225
227
229
232
234
235
236
238
239
240
242
245
246
253
1
5
7
18
20
22
24
28
31
35
36
38
41
48
49
52
54
55
57
58
59
62
64
65
70
73
75
78
88
89
90
98
102
104
110
118
121
122
130
134
137
139
146
148
152
154
159
170
176
178
186
187
188
193
201
206
214
220
222
225
226
229
234
245
250
253
254
7
12
13
17
25
26
29
33
37
38
41
44
48
50
51
53
54
59
63
64
66
67
69
76
80
82
85
86
87
90
93
97
103
106
107
108
115
116
117
118
120
121
122
131
133
135
137
141
144
146
152
154
159
162
165
166
167
169
172
178
184
195
198
202
203
204
208
210
212
214
223
226
229
231
238
239
242
243
247
249
255
0
3
4
6
11
12
16
23
24
25
33
36
37
42
45
46
47
49
51
52
53
56
57
61
64
65
67
71
72
74
75
76
78
87
93
96
102
107
108
113
114
121
122
124
125
126
128
130
143
147
153
155
160
162
166
169
171
179
180
182
190
200
206
207
208
209
214
216
219
221
223
229
232
235
236
238
244
245
248
252
253
255
0
1
2
3
5
10
11
12
13
19
22
25
27
31
37
39
46
48
50
51
60
70
72
73
81
88
95
98
99
102
103
104
105
108
109
110
111
117
118
119
124
125
129
131
134
138
140
145
150
154
155
156
158
161
163
164
168
169
195
197
200
202
204
206
215
216
219
227
228
232
235
244
246
247
248
249
250
252
255
1
6
13
15
18
21
23
24
25
26
29
31
32
33
35
36
38
41
45
55
58
61
63
68
69
71
80
81
82
84
89
92
95
108
109
110
111
112
113
120
121
122
127
129
130
131
133
142
145
146
147
153
154
156
158
159
160
161
163
170
172
175
180
186
187
188
193
201
210
213
218
221
228
229
236
238
251
252
254
255
1
4
6
7
10
14
15
17
27
28
34
36
39
41
44
45
46
47
48
52
53
60
63
64
65
66
73
74
78
89
92
93
96
97
98
99
103
104
107
108
109
111
113
120
124
125
128
132
134
136
137
138
140
141
142
143
144
146
151
152
156
157
158
162
163
169
174
183
185
186
187
200
202
203
204
206
211
218
222
223
232
233
236
237
238
241
247
248
250
253
254
0
3
5
10
20
21
24
29
31
33
34
35
42
43
44
54
64
66
72
78
81
84
87
88
89
91
94
95
105
106
110
111
112
120
128
130
144
145
146
151
155
160
162
164
166
171
173
180
181
187
190
192
193
194
195
196
197
200
204
206
211
212
214
216
218
219
220
226
227
228
240
246
249
252
253
255
0
1
3
5
7
11
17
19
23
25
27
28
33
35
38
40
42
44
48
50
51
55
59
65
67
68
69
78
86
91
98
100
108
109
110
113
119
122
125
129
134
135
138
139
140
143
153
155
157
158
164
169
172
178
186
187
192
194
199
200
202
204
208
212
214
215
216
221
227
228
232
248
249
255
0
3
4
8
12
14
27
36
41
47
55
61
63
64
68
69
71
74
77
81
82
83
87
91
93
104
105
108
115
119
121
122
127
128
129
135
136
138
142
145
148
158
159
161
166
168
177
180
185
186
193
196
197
199
200
202
204
205
207
211
215
218
219
222
223
232
233
250
251
253
255
3
6
17
18
19
21
23
25
27
30
33
35
38
42
57
59
60
64
65
68
69
72
75
78
82
84
86
87
93
97
98
111
119
122
126
127
131
132
133
135
136
137
138
142
145
149
150
155
158
160
167
172
173
175
177
180
182
183
185
186
188
189
193
196
200
204
205
206
209
210
211
218
220
221
223
227
228
229
230
231
235
243
245
246
248
251
1
4
7
21
27
30
33
34
40
42
43
53
55
59
63
66
68
73
75
76
89
91
92
93
96
98
99
100
103
107
110
115
116
117
122
123
127
129
130
133
134
139
140
142
143
146
151
153
158
163
166
172
173
177
179
185
187
188
190
192
193
197
199
207
210
211
214
218
235
237
238
240
242
244
245
250
254
255
1
13
20
24
29
30
32
35
37
39
46
48
49
51
52
57
58
59
63
66
68
71
72
75
77
78
80
85
87
93
99
100
104
105
110
111
116
121
123
125
128
130
131
133
135
139
142
144
147
148
149
151
152
155
157
159
161
163
164
165
170
171
172
173
175
180
182
183
186
187
194
200
201
202
203
206
211
212
217
219
221
222
224
226
227
236
237
243
244
245
248
250
252
253
3
4
10
13
16
20
21
22
24
25
27
29
32
39
41
42
46
47
48
49
52
55
56
57
62
73
76
77
83
86
87
94
96
100
106
107
108
113
116
118
121
126
127
129
134
135
136
137
140
144
146
148
157
162
163
170
174
175
177
178
179
181
185
187
191
195
197
200
201
202
203
205
208
211
216
217
222
228
233
238
242
249
253
255
4
8
11
18
20
28
30
34
35
37
43
44
46
47
48
49
55
57
58
61
65
67
68
69
74
77
86
91
93
98
99
100
104
107
116
118
119
120
121
123
126
127
129
132
145
156
158
161
162
163
165
168
169
172
173
177
178
180
184
185
187
188
192
195
196
198
200
201
203
210
213
216
223
224
226
233
237
238
242
245
247
249
251
252
1
4
12
14
18
19
24
26
29
37
40
41
47
50
51
56
61
69
71
73
75
80
82
86
87
93
96
100
101
102
109
110
114
119
121
125
126
129
137
138
143
154
167
172
176
178
179
188
189
193
196
199
201
202
203
205
207
214
215
216
218
225
226
227
230
231
232
233
242
254
3
6
7
13
14
15
16
18
19
22
24
29
30
32
34
43
46
47
52
57
65
73
77
78
88
89
90
91
92
94
96
99
102
104
110
116
125
126
128
131
132
134
138
140
141
142
148
150
152
157
160
167
172
177
179
183
186
192
193
195
196
197
200
201
202
213
214
218
219
222
223
225
227
230
231
234
236
240
244
247
249
252
255
