256 256 19661
# row_ptr (len=257)
0
80
148
230
304
388
477
548
626
713
788
862
950
1020
1104
1186
1266
1353
1443
1520
1601
1675
1754
1848
1925
2006
2070
2154
2243
2315
2380
2463
2534
2603
2670
2750
2820
2906
2974
3054
3137
3205
3275
3345
3419
3486
3563
3640
3712
3796
3861
3939
4014
4105
4190
4260
4336
4413
4497
4581
4661
4744
4821
4913
4982
5066
5141
5209
5293
5371
5449
5526
5594
5671
5732
5825
5910
5986
6062
6141
6226
6301
6373
6455
6537
6621
6691
6768
6850
6926
6997
7069
7149
7219
7291
7369
7442
7515
7581
7663
7733
7810
7879
7957
8045
8126
8200
8282
8370
8440
8508
8596
8655
8752
8833
8903
8983
9052
9131
9202
9284
9369
9447
9521
9588
9653
9726
9795
9874
9948
10030
10104
10176
10248
10321
10386
10463
10541
10607
10689
10763
10843
10912
10978
11046
11130
11202
11287
11355
11438
11513
11592
11672
11760
11840
11911
11986
12077
12150
12227
12316
12392
12469
12541
12620
12690
12761
12830
12908
12979
13063
13132
13206
13282
13364
13440
13506
13580
13644
13710
13798
13877
13955
14037
14120
14195
14267
14340
14402
14484
14562
14637
14705
14780
14854
14930
15013
15092
15168
15250
15309
15390
15455
15532
15618
15689
15753
15830
15904
15992
16075
16154
16238
16316
16386
16470
16553
16619
16690
16763
16842
16910
16980
17060
17134
17207
17286
17365
17451
17528
17610
17679
17759
17822
17897
17989
18074
18142
18220
18295
18381
18448
18529
18611
18690
18770
18861
18937
19011
19082
19168
19246
19340
19424
19508
19578
19661
