128 256 9874
# row_ptr (len=129)
0
80
148
230
304
388
477
548
626
713
788
862
950
1020
1104
1186
1266
1353
1443
1520
1601
1675
1754
1848
1925
2006
2070
2154
2243
2315
2380
2463
2534
2603
2670
2750
2820
2906
2974
3054
3137
3205
3275
3345
3419
3486
3563
3640
3712
3796
3861
3939
4014
4105
4190
4260
4336
4413
4497
4581
4661
4744
4821
4913
4982
5066
5141
5209
5293
5371
5449
5526
5594
5671
5732
5825
5910
5986
6062
6141
6226
6301
6373
6455
6537
6621
6691
6768
6850
6926
6997
7069
7149
7219
7291
7369
7442
7515
7581
7663
7733
7810
7879
7957
8045
8126
8200
8282
8370
8440
8508
8596
8655
8752
8833
8903
8983
9052
9131
9202
9284
9369
9447
9521
9588
9653
9726
9795
9874
