128 256 9787
# row_ptr (len=129)
0
74
156
230
302
374
447
512
589
667
733
815
889
969
1038
1104
1172
1256
1328
1413
1481
1564
1639
1718
1798
1886
1966
2037
2112
2203
2276
2353
2442
2518
2595
2667
2746
2816
2887
2956
3034
3105
3189
3258
3332
3408
3490
3566
3632
3706
3770
3836
3924
4003
4081
4163
4246
4321
4393
4466
4528
4610
4688
4763
4831
4906
4980
5056
5139
5218
5294
5376
5435
5516
5581
5658
5744
5815
5879
5956
6030
6118
6201
6280
6364
6442
6512
6596
6679
6745
6816
6889
6968
7036
7106
7186
7260
7333
7412
7491
7577
7654
7736
7805
7885
7948
8023
8115
8200
8268
8346
8421
8507
8574
8655
8737
8816
8896
8987
9063
9137
9208
9294
9372
9466
9550
9634
9704
9787
